modelo_A
t,x,y
1.000000000E-1,6.900000000E-1,5.500000000E-1
1.333333333E-1,8.744331268E-1,7.226620928E-1
1.666666667E-1,1.051280479E0,8.748054218E-1
2.000000000E-1,1.220854060E0,1.007612020E0
2.333333333E-1,1.383453043E0,1.122195826E0
2.666666667E-1,1.539364294E0,1.219606608E0
3.000000000E-1,1.688862881E0,1.300833660E0
3.333333333E-1,1.832212558E0,1.366809285E0
3.666666667E-1,1.969666232E0,1.418412077E0
4.000000000E-1,2.101466406E0,1.456470018E0
4.333333333E-1,2.227845610E0,1.481763393E0
4.666666667E-1,2.349026809E0,1.495027535E0
5.000000000E-1,2.465223799E0,1.496955416E0
5.333333333E-1,2.576641582E0,1.488200091E0
5.666666667E-1,2.683476726E0,1.469376989E0
6.000000000E-1,2.785917718E0,1.441066091E0
6.333333333E-1,2.884145289E0,1.403813964E0
6.666666667E-1,2.978332738E0,1.358135687E0
7.000000000E-1,3.068646238E0,1.304516672E0
7.333333333E-1,3.155245123E0,1.243414361E0
7.666666667E-1,3.238282177E0,1.175259850E0
8.000000000E-1,3.317903898E0,1.100459397E0
8.333333333E-1,3.394250761E0,1.019395857E0
8.666666667E-1,3.467457461E0,9.324300310E-1
9.000000000E-1,3.537653153E0,8.399019342E-1
9.333333333E-1,3.604961681E0,7.421319947E-1
9.666666667E-1,3.669501794E0,6.394221813E-1
1.000000000E0,3.731387358E0,5.320570676E-1
1.033333333E0,3.790727555E0,4.203048333E-1
1.066666667E0,3.847627078E0,3.044182091E-1
1.100000000E0,3.902186310E0,1.846353664E-1
1.133333333E0,3.954501509E0,6.118075646E-2
1.166666667E0,4.004664972E0,-6.573409982E-2
1.200000000E0,4.052765201E0,-1.959098666E-1
1.233333333E0,4.098887058E0,-3.291586912E-1
1.266666667E0,4.143111912E0,-4.653035428E-1
1.300000000E0,4.185517788E0,-6.041775886E-1
